554152551
1274383181
154828088
1013175983
4104380619
2608849840
3099788435
1600587555
1943260720
2721999255
545607861
996454515
632572519
115264838
2940634679
2444319175
1169218109
471597866
3047549775
552993241
2737693792
315536876
1412678915
3725789210
3979560435
2745129875
1998886668
2243678421
2896196620
3422209059
2478534951
2377454895
2265940555
2173010328
414680703
1092009865
3522954375
1747308563
2601784028
4244267715
2706509954
1657273749
3390672340
989440691
1243993347
3799319124
4273730989
2763431835
3230594464
3823775155
1938185526
2166830435
2124338924
2693074621
350123463
1723795208
34390819
3358823578
2418494654
2504669483
1240407084
466990165
1655083331
3526258296
951385679
3539157878
1657134633
4007202368
899361124
1787607930
647921359
3006533230
901995829
3468880997
19980866
4018401008
2608999170
2421503856
1903712854
348899362
3231305960
3920109638
3739438115
3477960776
2886350126
3955663639
3139411120
2012190168
2996311238
2460175702
1075525019
3662174239
1743954448
3714247013
4152362302
677428347
1234432880
2225527910
460732598
959049017
1554946535
2206255379
3597995780
3641166996
372289703
420076310
1843835494
1894374387
2857817393
1986873135
630559103
2179241572
2580575027
1559653377
2621854763
763766852
366692994
501527984
2566827391
4215551800
21124274
3766768171
1616585189
2675486303
2890380995
869510267
3640043283
2560267389
40396101
578433006
834059508
763141873
3794436432
2099555754
4039418489
2919349992
1087126977
3418890196
3045823555
258732966
3149945635
1299179832
3034782078
3765145760
725400210
3104105736
794198432
1886209663
3969986057
140663570
3874090419
3350120498
2318908446
3191339528
1102665631
395030357
2817873778
1123120953
1172387615
2608064503
382912453
2767230229
1530888624
2042186855
3144670021
1709461855
3229615970
2209043582
1105019569
454402676
2321432636
4092449134
2494549762
2059375394
3773887199
2371195318
677904096
785437280
2789566725
1711091340
3041622601
3245411934
1774685956
191877221
2476254871
738554833
3030443546
3089811773
832565807
2034326500
1803801690
1193990813
348553274
3526889866
13772148
4231853648
979935288
1679488485
3336588273
904425519
3821876033
1723735284
934165442
1863962561
3748612898
3941261676
981038697
2658411927
606605202
3870344803
2107342384
781426234
3168765959
956242368
3603209690
56989129
187738362
762277591
673991233
1891741273
2869690220
1432953481
2728950468
2227665492
1212498105
1173228095
2490752267
3751142031
731811598
2855936266
2682706979
2133697872
781562826
4244170197
4022765115
2523108803
3308904471
2263966346
217218233
1485678192
797933754
1065457606
2154599852
45864154
2919319706
3544647259
1576464459
3741198560
3883673044
4270817117
3513220386
935635372
2627525961
2335199210
3969468707
2221786876
460981645
1361887212
2034699784
2165600000
389351679
2824603594
209066682
717697292
2504198245
3999289384
1358148967
3631379051
167382281
443283565
1631745076
3118815829
2933352807
2823451618
678896082
1014172139
3853551607
4241261931
2591545006
2480189258
3252933400
1734278893
1583920548
4268463109
4123065330
1345987318
3356504448
1589071192
3085463489
2807924214
4074981341
3850012935
1396223189
310237585
641323515
2751735110
521011997
735431007
340253072
2533073433
2064506296
2749336264
3378814919
2765299010
964306514
3811739238
1078690346
2675619129
3963133368
4127981013
1709136352
2676053191
2246286503
3369007631
842730595
2058013125
1594982177
2077794471
3894479980
264126382
3613536807
3518325154
1788887118
2648330329
3383319971
1184008392
1144526377
3801942026
2095681340
802749902
3214520065
3665992143
2076832202
657720324
733259011
2419516585
2260397050
3366531575
4278393894
1379995699
89862069
2192766027
2082618265
508797046
2596414648
2990608470
2674970945
514117492
3479515020
3019883694
2747094960
1353524051
2326815644
1725490061
1959440840
1665384055
1667169906
129853354
1524835101
3478856789
1944166224
1780107120
574971705
2915921301
2159446787
4050520828
340474532
542677274
2802582365
2226183209
3503551938
3906896594
663414322
3179542856
3268300622
3363444166
3095981661
373805316
2787511117
1393679832
3705498055
1511868432
3674945337
129511439
1328718377
1046834183
122354773
3669674597
2338062460
2558062115
1805932435
1184136813
4095509186
3068362421
3648300145
4224015276
45409378
3489434322
2785676182
2171463913
