158425
298285
288540
136148
181540
174102
3448
54195
423602
307020
239235
557753
207663
227329
20988
439452
338028
119901
328932
29605
537242
415596
154829
23975
94130
451596
398069
79412
436269
71552
33574
544295
560040
227790
210379
441410
170379
21101
193532
515118
222810
93411
232837
472069
479220
318624
207513
438956
433661
292128
534977
539440
61061
343382
516960
131404
334037
156360
131885
307916
80374
217114
324146
27430
275527
574019
465630
6372
315258
254860
152658
476253
393988
169617
264111
246781
575874
560783
192574
475821
324209
10181
97419
77617
371150
336875
164003
151470
238016
197444
243319
233111
326480
138532
559312
277971
487363
110108
49540
409875
390713
148614
38585
495878
137236
319776
50171
54713
254845
131526
428780
517830
256698
57311
527427
461848
255605
306169
510202
499203
218294
486975
13107
16866
158588
557573
293870
423996
561993
110889
497763
406098
384658
259008
336494
342843
321640
301477
167266
466480
97137
538196
493170
385895
64401
29861
259118
176259
318980
12274
203468
78752
467975
281580
352524
511128
442210
140457
44721
111332
448220
513015
530577
119128
417072
334446
160216
508129
213158
226770
89677
319138
174091
330484
28030
85746
326725
333301
257375
565178
369228
337023
498493
408359
140661
273982
144611
104242
384299
370735
159153
408764
394623
470168
321844
139127
66214
82768
496153
89349
101084
212061
295800
406420
470068
370915
80871
463138
119672
449321
451437
323256
49090
520891
213326
500383
539935
417810
275265
511750
244731
229991
57745
112717
458361
20885
440651
414261
63222
252505
195998
336600
127662
313817
317809
41766
316874
406904
408268
228003
162815
574838
415079
310640
496139
110140
197658
137822
128073
102424
94848
433181
497344
308590
287414
510828
198728
65444
227862
136659
306868
558575
67180
375889
166934
168054
197575
224221
235397
474635
519344
276861
454877
360443
20604
157030
134790
470362
137501
474753
227381
329485
435168
565019
108527
569654
355736
517197
123352
397616
450030
409942
550359
463030
82553
208721
306875
195115
434031
235635
248275
28373
52590
314716
174081
356441
347740
436619
250545
112375
548871
196011
409250
277848
463656
374933
527211
107732
507944
403713
372183
470352
17091
150182
421763
322627
193536
228482
404163
179169
282406
543048
445635
570495
126208
196313
403204
137902
18084
233845
366073
487384
101222
253446
278102
392594
481442
511454
135756
351318
177906
192376
297960
428364
476393
156238
409129
527600
194698
196268
443765
477358
316909
373937
354267
518313
514065
466894
454059
285237
447455
262703
217794
153842
369487
187158
390206
418494
267846
321985
277236
571455
344304
279032
321121
543721
203553
135836
476610
390705
381346
94984
43846
562819
146580
271672
541727
205899
506836
486438
