2446063897
1695387319
2874658986
3353376751
1757220540
1908338671
2441895540
4053075034
3452680094
611209192
2163254904
2026106464
549136787
3739848947
3305314316
1452835489
1587707703
2462124195
3817849369
419808961
3689656240
1469436333
1517082485
1152346529
1282926819
299814990
2965741790
3648907096
627988667
710970868
697007571
4219370174
1326104982
2085057841
2840515901
3653400281
485261067
570671547
1871218355
1411100662
1338557866
2715912270
1998901791
512573147
2176482096
496006974
1488584045
3038915646
3503427912
1806509768
2970299880
1103556634
3330393330
3032169246
1325240413
3504184909
3659094674
3834892665
4289956647
1685688379
3509226038
563442595
3914407530
2566930440
3477520768
4024074006
2187759069
527469731
867692180
2497848740
2797900656
80845658
3419454111
2642371181
4093089188
3757072243
3845622426
3310958486
2514726448
3408889885
1595367896
1851563917
1303984021
780476138
354865303
3983450939
1935524791
331073714
3972976567
3945967059
1775445102
1908822830
1603020582
243009555
634563135
2169023577
3113500377
1094928772
2711549061
2607592022
4029511148
2390447426
2131321457
1766400931
2334081978
3572350236
323725233
2097484876
3501104417
3962142496
4095056493
1809432020
2195816718
498210831
3619704201
742178552
1917994013
3909369842
2465191390
1102637224
3868702017
3932169846
1165146713
302391502
1531012277
283859102
1949252708
778861941
2374068182
152682690
1879157677
1628060941
732023449
1205978515
831436997
3055617131
2373325139
2442332319
1361761810
1528833764
1958088845
2408937836
1926061516
3788658538
2121301566
281159136
3792009677
3722031704
1523598084
542714979
2855642514
3840314965
803792609
620022406
1108739253
3717640703
1073544395
3357168906
3766409924
1971566373
2538219314
1126077077
3728756235
3099573090
607319972
3347734460
1461635548
4289770479
2747405496
504659464
4292375359
3349030643
1086599721
2704981289
1208573548
2284771353
855198235
510538775
2729697582
1556121116
381849748
3969806962
3922298491
3253602641
488377958
1004176760
3001221001
1151195213
4224722523
2616316670
1470931882
3190907383
2331925844
2868286292
997973837
1719704642
1539963408
711721295
3584752480
2937638507
3699731098
416948154
1219097831
2858195468
3625887988
1105240203
1889538506
4220789647
1114273552
3081869113
3604061139
2839548601
2809876721
3608176611
2673341524
1407318294
2928138533
328156025
2756730008
2843243862
2670692959
3290983966
1217205916
4030746934
2272299670
996549069
1457605620
1685459126
3866821591
4252574900
314239739
175531192
311572123
1946782278
4209208952
1600384847
939743521
479442017
3578715134
3377748259
2962423215
3944706855
1956715351
1381428136
3038343415
663330763
3023469596
1221047455
2038333288
2318230971
2813773035
2278433223
4271957840
4272090081
4223744918
3482730613
1768397825
3852780521
167899271
2116989757
227198112
2672053159
249906723
1570389207
2960360399
139806143
219465855
447178729
170524709
2497098484
205295564
1975236612
3795400318
2044727369
2625941474
409198075
573249839
911799557
1195344100
1542525131
71217432
2896683722
159257884
3645597757
3249598228
2011954868
2330678786
1506722172
407218368
1992381174
1185016494
1284160386
8409448
3033702448
3215766989
2095638669
1281418917
519035918
821211384
3800959625
