877
1972
1431
1425
760
621
1891
212
484
979
88
345
417
1394
984
805
695
1198
52
234
1376
811
1810
814
1164
817
1962
511
1381
275
543
1058
1662
1638
46
295
1939
798
97
1679
1852
1281
1414
1265
1967
1944
1775
1672
373
1124
438
840
6
1125
1834
32
419
1572
568
711
1298
790
479
1882
1459
1221
1676
1496
1247
1333
599
894
1909
1148
1034
1159
204
765
371
1170
945
450
839
1202
1575
717
1695
1514
1403
643
908
1211
265
468
279
1002
682
567
838
166
1778
211
357
23
1566
1040
529
586
985
1670
55
184
400
79
616
1652
1868
263
940
1203
515
1121
633
1576
1745
1036
1570
795
1743
210
561
1760
1485
276
337
1642
1089
465
1302
130
1594
1341
724
1866
1714
628
943
1329
1746
491
559
709
321
824
274
209
1416
959
575
1355
1348
1383
649
1600
195
886
1656
861
113
572
1443
1328
1107
332
1155
901
3
1557
1334
146
43
175
1117
1027
680
846
1167
782
1897
481
1735
415
1234
1777
1685
1612
1062
423
1142
1471
752
847
1006
1368
1896
1000
1122
1894
1608
140
963
871
482
929
1952
1955
926
347
1696
1547
1504
741
764
1643
1918
1411
973
1766
794
601
1166
969
1216
1822
1061
806
1674
56
358
900
174
825
1194
1031
1545
1396
80
410
1828
118
1327
1157
301
1011
1240
1079
539
915
1071
1970
281
624
189
1253
470
93
1271
350
1907
1883
1752
1523
1997
836
1712
1183
1859
1721
683
294
1146
1964
512
1189
1699
492
618
503
1614
94
921
238
1123
330
259
1678
530
931
1001
1017
