423
5250
2991
9658
1447
1208
12072
4762
4882
4683
4063
8147
5563
4206
7510
313
3716
6945
12176
4575
3297
6486
10639
6570
5718
498
473
7286
3051
852
158
4929
11960
7946
2584
7500
5533
2111
4947
1085
10695
3154
6127
12089
7301
2630
10768
4472
2783
7217
4165
9600
10291
13356
10996
7990
12741
13621
11675
6354
1290
6025
3529
4044
13344
5805
10339
7971
490
11166
10588
9201
787
698
2941
7293
2529
12756
6894
10306
1158
3119
8624
982
7281
2596
10171
9180
12800
12097
7912
13182
11352
6908
2949
5085
3482
12521
5466
2027
7264
8332
13428
833
1477
1992
13294
5184
6435
8717
12043
9264
9443
9771
3099
2608
7767
3865
10473
10006
2290
5168
2396
710
12435
4707
5553
11198
10811
11144
12589
5834
13534
3859
6275
10000
9370
10097
8369
11170
5461
12931
7381
7246
8371
8864
8190
4950
7004
11469
8994
12064
1487
11408
10844
4508
9444
4159
9676
4399
4919
11054
1033
5140
9323
11276
13044
1762
5517
10156
10082
544
12219
3003
10280
12921
7443
13926
5779
8281
13934
7613
10467
1790
13728
12040
10638
11223
3120
8203
5658
11000
6792
9638
13197
10636
6831
8192
1168
406
9842
714
6112
6290
13875
1259
3518
13094
7959
10520
11353
3243
6632
3845
4910
2616
2134
6141
12964
11037
10308
269
138
3020
4026
13721
8804
11421
12757
13511
9279
8785
1730
3985
113
4083
388
10181
2036
10543
11782
12572
5324
5356
9369
9672
8583
6223
1049
6960
9301
1530
4121
9360
13385
11544
9391
4592
466
1572
3024
3847
12934
5589
10828
12112
8115
899
363
583
2052
3925
10829
5991
6076
2683
10120
10742
339
9857
5962
3879
9335
12611
5086
5761
13186
12559
12019
3133
4192
8211
887
11039
2095
5342
7062
2848
6208
8374
10848
3610
13769
1752
10656
1837
1670
1565
11102
10838
9068
3084
6833
5389
4315
8545
13460
3363
2146
8416
1324
8752
8762
10324
12197
3996
6766
13709
1534
3782
5259
11629
8090
8113
404
7566
4893
3271
5146
11270
6646
8671
6369
9566
13342
1508
9770
2198
1874
11459
12690
2284
3737
12313
8779
7860
2091
948
8591
3844
13239
13008
8896
13134
10238
1578
6448
1092
2274
11024
11273
2022
12810
8934
1765
2217
12598
692
2543
1963
12139
11279
12044
11907
2058
10557
8465
6491
13060
11531
12703
13408
13658
6889
13492
7376
8212
10606
2416
7735
