3712999942
3451828514
3630894376
3709523406
3462703858
3093843059
1736664804
1973581513
4218203516
3358927219
2038798909
508083456
4216670726
3810230584
1964107149
428597919
1568774862
3840439499
3767860778
2176443782
2578544470
2552435943
1916379012
3187615958
3316157566
177693033
2821703532
2418015322
1674442870
1068554262
2914558813
2000179252
1005957552
3976591510
4237035726
3136317032
1468862529
1452589924
1564348500
3812590076
584092306
1405651864
3416327883
2744443791
3838842946
1244143145
1750810564
1697013019
251396898
3299886113
3993759422
4117533478
745550326
1642369568
2375640603
3363951615
3589100619
2164483209
3856565945
1487586229
1422020239
2817286643
814876605
805212370
1534067611
1333181931
2772355433
3354426132
3204184596
428094357
748674701
260904535
3368054095
4060703406
1026032345
3359924535
3527028742
1737954902
1408980591
2483802664
1358824501
3506121605
3608123978
3023404612
3174079645
2054557382
2329617449
2039674289
3302816724
4184536047
3755536043
2319068755
2472973615
1076560781
2390462629
2788977160
1532906586
1616370566
2105339298
2329693945
3599862190
673612802
2752816124
924019188
1849476978
3156519522
2617414755
2195659885
889120218
151748527
1222713524
128261551
4280872742
549017515
1956266374
2598779232
4034804580
3988910469
3461478478
1222203234
3586133296
108218472
4027115362
2379193533
2893723587
3049799418
87194638
4234843026
426612945
3455255632
1553915530
199520271
499140170
1316832762
1305274121
1108292426
1797588779
2023348028
83038957
691197537
2257133343
3735149473
2464220802
459260497
826994565
801770559
3088428204
1616898128
1094402862
729156349
4081737007
3427436713
1424698739
1105938354
3657172045
788556112
1653604546
3103677320
2374494734
1884919978
3063971099
617041120
2214533857
587648451
4218898619
1367970308
394729965
1360114771
2167667266
3702366531
3504738811
2968788448
2402651816
179606703
2019213607
319493985
413573189
4244623367
241070085
1301338063
1405094355
744997795
1200419389
3710981145
2795071269
1619772548
2600696536
3290952296
3186185657
1173546366
656285001
1986722851
405702589
3733536336
2662294881
1630982672
3902193449
3486708972
1578536905
840221399
3586090345
2888767733
630004244
570889875
751515137
3072220406
1806864392
3788195116
39938350
1237097897
461757092
4142966701
1093921816
1860632033
3243130374
3376140326
2299930111
1289628582
3045536915
760662806
1534923789
3443040851
1372171124
2008965023
1308063097
3983381213
2761517815
825048906
2317289448
1814348416
2657225381
2997845520
4261643389
3427108985
3278937242
404930189
3423637921
2662126697
999451553
1422478549
2439150842
2138077861
1669031428
438355257
3369754780
3513849881
16649150
741335563
94813421
3434687536
2268874383
408904923
205866449
1517821495
3834172117
4686008
3086247205
3525814325
1627798222
3020220138
2741171999
1594078494
3040004043
2144782349
579282389
189551442
3635953547
824064394
4038142846
868920821
1942147716
17520481
2522175331
351098429
1169410560
1886520827
3056780505
707822680
1901613452
4253562806
2976114804
902611055
583676410
653838158
1061890873
721641415
2967145840
3263627806
2861451306
4088141249
263493782
3147366674
851017362
1111698826
306271117
2737867648
1222565612
1072913305
705224281
1588818932
