1286
1686
1304
1603
354
1367
1956
843
571
1410
1897
1471
420
669
1642
1737
1279
1436
257
276
1665
666
1234
509
183
1094
904
1171
1027
38
1039
397
1182
825
584
362
1289
1596
648
747
980
1781
1294
311
1882
1995
375
1181
288
1555
1393
1252
442
1240
683
526
1416
981
655
711
1978
485
1632
892
390
973
1195
450
690
434
893
1789
1515
1913
86
525
481
1580
473
653
1891
1114
1283
1866
1196
73
1874
1376
1806
1888
1157
911
1028
360
1275
224
958
822
1533
39
1502
415
321
1627
953
1652
9
130
1696
836
1921
238
1931
1150
1211
798
1481
1144
994
43
1758
1485
1052
1817
1839
869
309
649
272
400
1139
136
156
1919
486
1170
28
393
946
1133
277
851
280
913
637
1117
516
1719
1019
1833
554
166
1566
1145
1462
768
1616
1169
560
1278
1102
1586
921
58
1128
1505
26
986
395
448
609
222
1974
1524
1273
1354
1677
1400
1800
807
1218
1143
167
1168
1083
549
775
1982
832
517
383
99
1316
1091
1323
1713
252
1518
1406
330
1095
153
1909
599
1427
1219
148
49
564
202
1547
33
1886
320
1328
629
819
1090
905
105
630
1530
195
1016
743
1206
487
1412
1712
827
244
1076
1033
340
864
1225
694
647
1156
1590
515
1310
670
474
1694
4
1879
965
1593
1057
1872
1249
1934
137
1299
891
239
1127
968
328
1567
1098
339
305
1540
1554
191
1662
971
1291
373
206
1362
1569
769
241
917
943
1409
1020
541
1203
1303
1912
1010
1954
1602
741
1258
1208
444
1693
1359
1894
619
1747
988
1510
322
1570
