567
655
1455
1248
259
1901
1624
1100
684
1793
1504
57
798
976
834
1289
1676
484
867
858
1367
1801
492
1176
1704
1332
486
1279
1123
38
1035
104
516
700
1611
1975
189
1040
705
658
893
1067
593
1643
1847
237
315
1255
335
1257
35
385
1661
1036
491
1827
1754
1842
175
400
1699
1175
958
681
114
553
955
566
691
1003
1430
266
542
1528
1507
430
376
107
1650
311
1814
1642
1506
247
1195
1327
438
1850
431
350
117
807
1381
0
776
1956
1535
1900
1885
19
1653
764
1174
166
1258
995
549
1626
1721
44
1698
835
513
609
63
876
1477
1331
843
1460
1017
208
150
324
1408
75
1578
1580
639
1389
579
862
1364
1872
1573
767
1753
156
646
961
1845
1708
1447
214
1461
477
1167
200
1121
1208
742
733
984
357
1237
1652
740
1970
1374
817
195
1836
263
981
846
1431
207
552
1271
1450
1875
1403
762
1541
1878
1657
1336
1736
1910
1206
979
1684
1347
1773
1210
105
1437
1867
433
679
365
1432
977
678
1668
729
605
1339
1106
146
1849
1927
872
1603
245
1891
531
1523
601
888
1083
1669
43
1612
432
444
688
859
352
1333
340
1275
648
1856
736
1413
1494
272
989
429
1297
1270
640
1240
91
1436
1932
600
1892
1283
1475
1357
1870
692
1133
1614
1375
1678
1162
809
1909
620
819
160
874
203
1839
1112
1771
1226
402
1666
1253
275
1091
949
496
1335
1478
802
1700
1328
847
1610
852
632
1874
387
884
106
446
1790
1687
1136
1105
1999
1445
574
1755
1520
1711
383
1747
349
417
209
1345
860
822
64
