3824650857
3900918478
498082718
1357170747
1009280353
3428320674
2805103553
1576394172
4191784392
3181701288
34393545
2504615368
2193311428
2843503285
1245934322
3897889869
2305964711
2098697182
2259873785
1703377170
767275988
2201777116
3251954676
4089491079
2548251761
4038760772
1404824662
2843644788
2555143260
3689819823
972241628
1628517957
3260766235
1891564092
1197412962
382331828
3189998353
2696739714
3140810533
1148842506
985078160
3980554283
1081583140
1502274470
3916244567
3846331113
4169696524
3245060360
2311506075
1220528748
2422971670
3599619615
271162163
2719935042
3956656460
247535368
1093579341
1804445930
958169830
2437032027
3037974386
80734574
1010348422
1614941662
1710597991
1595978178
3509878290
796744935
902873232
626010706
791240146
773659522
3556595831
1913355837
1752612966
1038292279
3244966954
44902804
3212959861
798473685
2878113311
2643775512
329188999
1165423537
1588695889
1095607472
3393537874
3687689103
2488661426
748345123
2006745284
3768505745
486126652
1212879140
1648969420
1910619848
1081863683
87648896
252598672
2246644571
2884250112
1631629568
2964564284
2071994126
1581741005
121669840
445483950
579404283
1566470978
3237766556
1415009036
1405046752
1871048754
3169200889
2490634477
452434261
1514863881
498002016
1860484010
2376203049
2133836518
2371619578
4059162005
3501948041
3363460065
1046303708
2189134468
613099631
430464399
4095983477
2983601348
3135331744
897792492
3996102260
775870870
3237775400
3077208684
806992415
2657242565
619748162
1655606149
2342976600
1846102784
784008133
507890708
3983699959
2033910218
547352044
1136967770
2084601547
3919720280
3268724297
1225541390
2452433417
2307325284
528898214
3216449394
570118259
2269096955
3411197223
75197193
4270649865
23572864
2083282885
59398412
4064331713
1732370655
3375486615
1761870435
2599595769
2264549746
1680948107
1348567115
4140741642
3515560496
3807014358
2825734473
2312951096
3046326926
1220895364
3889833189
2944752564
3621339073
3327069848
1492635308
2290481094
1086395641
3530248456
4018904855
3265423270
3580168534
2624181745
3852810754
4185571221
1432658443
4141296572
3905511133
3240424032
339882069
574394373
1842631235
4114218856
3998722579
4082204600
1305811653
534792513
3648432236
478162815
2731686582
1778574619
2095575355
2051148116
630422608
2412176119
2091842239
1644276683
526201723
3769763803
1366385989
2626898234
13424249
3603226683
2796071296
3179804658
2005323696
4060960987
3859907343
1973189957
2173193658
4259643880
2076596376
3682517378
705574442
2603015235
2578308201
3300987182
128760225
1427822215
3871682285
153367478
631447876
1557585055
3659857001
3324851038
3936705953
2173147699
778555248
2379533050
532741638
4160169879
1864793310
3480909501
3064965279
1572688378
1459897531
1894223260
4148896266
1943587372
1380804439
1572843242
3424172997
604085490
3287345316
2543014944
2802667376
1409849072
2341038280
2076243282
154036775
3905417019
2869455501
3166580772
366921295
1867090314
3937446940
265448603
2280955465
3041989290
2592571693
2145912850
1106895522
3268511297
523754986
4083380759
2665110438
2071190649
285996636
2330845121
3279449248
3871400320
2489515498
2250878487
777604492
2595690818
2756538069
2250390991
3889665990
2666048701
90979114
1786518854
