3643113136
2847150203
3453336048
4122495686
3869227920
2847024398
355200813
3374397051
3594581891
2626469274
177540832
1892185684
406863662
510990804
2202086581
4042926068
163815354
3821765333
744559243
1278739789
1171224899
1408279550
372972973
2318184470
1371058852
293443942
707282277
2792969115
3447143491
3126757
1758201230
2032056123
3649701797
527775037
3863432374
2785809723
1841620262
366630366
200732419
2326338261
3353542712
3932464241
3922468581
1514041991
4000509719
1948370598
1455946253
3630572320
1875380188
3581123676
808170461
2964874682
3501236860
2510484837
566601075
3292997237
2617363559
697928892
3174308376
3016144925
1080231767
3905549872
2199230028
256289024
2583754265
2323268713
2283173341
2671018658
3026877855
3502869224
3281040157
4098513850
22333978
350070581
2283320002
3966111998
3393790423
3288182328
812011827
912582049
72162818
1491504370
115188682
976159249
4115797341
1826856221
1524038822
2467923668
3785610033
640678291
2780075628
1552014667
2920883454
4147332574
2473021515
1027711503
4004214920
3732580107
2512440835
1667632637
2731535418
3228206613
67129361
379668992
2160957399
34997303
3475421061
2414676161
2060967347
1974550810
115464466
1055238340
2362626980
2161653499
901933476
3740591418
3075629582
3172083608
1778195881
2108098598
2787631554
432168492
2141286473
3226395857
941987892
3062212014
2328242572
2851292122
25984165
1239846707
3097464363
1766652407
3143695059
2296443643
3483998728
872599037
1178013117
2792528267
2964502321
3780576466
1843371316
3569796042
2614354965
1630813039
1558412934
4013099883
100562132
3428139786
3479174517
1672077878
1811641908
633826748
2530012014
229841769
3437860489
1445569834
2288702853
2352557139
46545957
1102507972
3161565882
2881676357
3233315402
400542250
1873938465
1622829391
1319082871
2114799229
3095863948
1019106389
2456454789
229377050
1402256014
2519131243
2070136823
545471795
418590247
1447596406
3030145886
696147134
1977758323
3941727723
4287545253
2834045537
2344771036
2826820664
1771257959
4023082935
2688853136
3686431814
2468151379
1396592431
1427849598
4054198180
3914139322
2588313161
3903032395
4032699533
2538855339
1788326596
1181889814
390215932
848802084
984766097
1155679092
2269965234
2151939666
3826931940
2456201319
1043575924
2093184320
103879010
1876716184
2192004928
3382358058
3841074241
2947117064
59221001
3035973943
2125161411
3015475081
3876738498
1835261789
2802127318
2996401207
3059126563
1512501320
1850844693
1508127802
2911485832
1702367259
3681191873
35688602
2242415129
3877543014
715125942
1227193055
3936778593
2074246737
801438964
1023515187
2002371871
3217989212
1477754458
119427792
3325576486
2348694823
15460510
338991079
3104647241
1607314903
2820276993
1094793809
1902257358
3242754386
2781207059
2239066153
3309730193
627133335
1522208813
702082116
3470517115
2504213662
544880039
2638965740
692259910
555024126
635683579
3556387129
3589689235
3367246078
1526022180
3983129418
1710613882
3177657787
1916337948
577504448
3849144613
581104477
913356871
3201590231
1491515175
1922103883
2642935146
1307817413
3856230153
4278664444
214006016
404152772
3496030111
721822192
1992910503
2803567036
193064348
1262919643
3736581774
4033455496
4060937734
1269109936
1892047721
444813962
1509759086
688592765
3395364094
3839845770
1773861548
672173183
1493092179
3329458699
2437481712
1267240087
915633448
67573852
2931447845
2916903214
1464363467
4191181203
384415269
4135731418
2344234793
316514105
3196821154
2840114072
3538621204
1808197702
33054683
2184691568
1997620387
63938977
242255363
2595989325
313466577
1147359763
4109111202
2052474321
328129845
3863981635
337312733
3134820150
2683879644
3337853093
252371130
1832157173
2275025485
189831308
2991187104
7438586
3101254093
262178354
3036506746
57182622
1303071246
1549365811
4129878181
1903389958
3034351742
3964320552
2785505834
4287271181
2154464224
2169728531
2807950062
1677920361
601043550
3338503635
138445100
3831681795
3400897748
1541121563
1012266129
4201496084
2126541609
2109187298
2853371127
1528368520
3706676755
3743226502
1954675586
2235765971
483859807
4388350
3442841487
892956259
2674805489
2168279110
2338358299
36761642
1786716783
1150870944
2217621849
1158692260
1258479912
3055973944
2596846356
1483022132
3375814522
1513629282
995547502
58877723
1405689328
